0.06071	83.311
0.06074	82.586
0.06176	84.676
0.06116	85.138
0.06117	85.242
0.0616	84.445
0.06175	83.408
0.06239	81.45
0.06163	81.442
0.06135	81.163
0.0616	80.664
0.0619	79.985
0.06249	81.668
0.06185	81.551
0.06196	81.972
0.06224	83.081
0.06246	84.993
0.06324	84.913
0.06272	85.078
0.06302	85.484
0.06334	84.821
0.06349	83.244
0.06399	83.928
0.06337	83.594
0.06345	82.622
0.06381	81.831
0.06376	82.13
0.06419	81.028
0.0636	81.981
0.06356	82.56
0.06421	82.961
0.06457	83.033
0.06474	85.135
0.06425	84.767
0.06423	83.46
0.06477	82.287
0.06503	81.858
0.06502	80.369
0.06444	81.436
0.06452	82.989
0.06503	83.817
0.06573	83.013
0.06563	84.573
0.06502	84.109
0.06515	84.102
0.0656	83.954
0.0663	84.447
0.06628	83.018
0.06566	83.66
0.06559	83.945
0.06599	83.674
0.06673	82.083
0.06664	82.947
0.06607	82.933
0.06595	82.892
0.06653	82.822
0.06707	83.495
0.067	82.339
0.06659	82.853
0.06635	83.909
0.06685	84.221
0.06753	83.047
0.06749	84.389
0.06732	84.771
0.06717	84.747
0.06747	84.6
0.06835	85.2
0.06795	83.772
0.06792	84.376
0.06767	84.927
0.06791	84.733
0.06876	82.996
0.06838	84.368
0.06836	85.197
0.06853	85.862
0.06889	86.136
0.06962	86.775
0.06917	85.881
0.06919	85.819
0.06916	85.006
0.06952	84.599
0.07015	82.892
0.06948	83.689
0.06933	83.512
0.06943	83.399
0.06986	83.228
0.07056	83.808
0.0697	83.193
0.06988	84.115
0.06965	84.832
0.07036	85.212
0.07141	84.756
0.07045	86.426
0.0706	86.499
0.07051	86.429
0.07121	86.163
0.07216	86.173
0.07102	84.176
0.07098	83.498
0.0707	82.771
0.0711	82.193
0.0724	80.912
0.07124	83.544
0.0714	85.576
0.07146	86.542
0.07185	86.407
0.07307	86.617
0.07209	85.241
0.07222	85.91
0.07206	86.902
0.07265	87.169
0.07386	85.13
0.07283	86.032
0.07302	86.024
0.07256	85.337
0.07307	85.024
0.07416	85.359
0.07304	83.819
0.0733	83.151
0.07281	82.755
0.07318	83.033
0.07453	81.722
0.07303	83.008
0.07358	82.628
0.0731	81.329
0.07331	81.396
0.07466	83.168
0.07318	83.297
0.07394	84.71
0.07378	85.844
0.0741	86.864
0.07554	85.798
0.07413	87.498
0.07477	87.658
0.07462	85.724
0.07487	84.643
0.0759	84.995
0.07449	83.386
0.07494	83.616
0.07464	83.743
0.07508	84.064
0.07634	82.911
0.07468	84.739
0.07546	85.502
0.07522	85.369
0.07585	85.809
0.07703	87.279
0.07516	86.675
0.07612	86.831
0.07575	86.974
0.07632	86.599
0.07784	85.004
0.07574	86.541
0.07678	87.327
0.07649	87.406
0.07687	86.702
0.0785	86.801
0.07637	84.502
0.07717	84.354
0.07672	84.699
0.07707	84.971
0.07876	83.961
0.0767	85.701
0.07755	86.642
0.07721	86.424
0.07772	86.614
0.0793	87.165
0.07717	85.083
0.07808	84.986
0.07745	84.915
0.07796	84.357
0.07947	81.671
0.0774	82.354
0.07838	82.668
0.07759	82.792
0.07805	83.743
0.07973	85.867
0.07742	85.074
0.07897	85.333
0.07814	85.225
0.0785	85.719
0.08026	85.021
0.07806	87.4
0.07963	89.241
0.0792	89.084
0.07958	88.138
0.08107	88.008
0.07865	86.174
0.08025	85.845
0.07972	86.581
0.07996	86.443
0.08153	85.419
0.07916	87.481
0.08087	88.841
0.08047	88.319
0.08082	88.142
0.08228	89.01
0.07974	87.751
0.08153	87.762
0.08086	87.946
0.08146	88.252
0.08305	86.898
0.08036	87.648
0.08206	87.822
0.08146	86.918
0.08201	86.041
0.0835	87.037
0.08062	85.966
0.08252	85.986
0.08168	86.636
0.08214	87.012
0.08404	85.015
0.081	85.627
0.08279	86.178
0.08214	85.861
0.08246	85.886
0.08429	87.466
0.08136	86.65
0.08327	87.365
0.08245	88.778
0.08301	89.223
0.0851	87.738
0.08232	88.756
0.08424	88.945
0.08333	88.036
0.08382	88.167
0.0855	89.665
0.08267	87.35
0.08479	86.162
0.08357	85.641
0.08392	85.312
0.08563	83.359
0.08271	84.403
0.08496	85.234
0.08383	85.144
0.08425	86.05
0.08603	88.117
0.08301	87.477
0.08562	87.797
0.08462	87.999
0.08469	87.431
0.08657	86.033
0.08357	88.615
0.08612	90.511
0.08542	90.368
0.08562	90.078
0.08733	91.137
0.08428	89.08
0.08684	88.509
0.08599	89.428
0.08633	90.311
0.08807	88.174
0.08493	89.383
0.08746	90.053
0.08675	89.876
0.08716	89.989
0.0887	91.462
0.08539	89.247
0.08818	87.988
0.08715	88.038
0.08759	88.529
0.0893	86.733
0.08554	87.608
0.08838	88.124
0.08732	87.128
0.08783	86.121
0.08944	86.793
0.08581	84.844
0.08861	84.458
0.08737	85.367
0.08764	86.004
0.08967	83.805
0.08608	84.863
0.08861	86.18
0.08771	86.41
0.08807	87.478
0.08995	89.965
0.08664	89.227
0.08956	89.331
0.0884	90.228
0.08882	90.351
0.09076	88.655
0.08748	90.503
0.09041	91.181
0.08914	90.187
0.0896	89.033
0.09112	89.199
0.08771	86.641
0.09088	85.662
0.08934	86.198
0.08963	87.518
0.09143	86.636
0.08809	88.198
0.09127	89.079
0.08997	89.048
0.09018	89.301
0.09186	91.329
0.08845	90.157
0.09205	90.393
0.09086	91.558
0.09097	91.915
0.09287	89.969
0.08949	91.369
0.09287	92.469
0.09175	91.537
0.09196	91.195
0.09336	92.171
0.08997	89.077
0.09323	87.383
0.09193	87.375
0.09204	87.49
0.09339	85.091
0.09005	86.503
0.0933	88.355
0.09225	88.916
0.09265	89.291
0.09403	91.205
0.09054	89.566
0.09411	88.408
0.0926	88.797
0.09298	89.23
0.09443	87.298
0.09075	89.105
0.09442	91.976
0.09322	92.278
0.09371	92.386
0.09527	93.093
0.09172	90.634
0.09515	89.831
0.09376	90.745
0.09403	91.15
0.09587	89.16
0.09237	90.598
0.09568	92.248
0.09438	91.734
0.09471	91.679
0.09636	93.793
0.09306	92.145
0.09655	91.035
0.09498	91.389
0.09522	90.742
0.09662	88.055
0.09341	88.018
0.09673	88.765
0.09507	87.951
0.09536	88.118
0.09661	90.779
0.09357	89.81
0.09716	88.963
0.09538	89.071
0.09556	88.359
0.097	85.792
0.09383	87.344
0.09758	89.887
0.09603	90.219
0.09609	90.842
0.09744	93.898
0.09452	93.46
0.09844	93.009
0.09693	93.056
0.09705	91.894
0.0982	88.976
0.09516	89.776
0.09865	91.519
0.09748	91.721
0.09763	91.979
0.09863	93.706
0.09575	92.018
0.09928	90.629
0.09774	91.062
0.09803	91.159
0.09913	89.805
0.09617	91.837
0.09999	94.651
0.09857	94.099
0.09906	93.907
0.09984	94.808
0.09697	92.063
0.10047	90.471
0.09899	91.509
0.09932	92.344
0.10051	90.454
0.09741	90.901
0.10073	91.951
0.09943	91.63
0.09981	92.327
0.10115	95.26
0.09828	94.393
0.10166	92.992
0.1001	93.557
0.10039	93.765
0.10149	92.071
0.09899	92.332
0.10212	92.891
0.10052	91.258
0.10075	89.869
0.10146	90.93
0.09915	90.062
0.10243	89.742
0.10068	90.66
0.10102	90.888
0.10199	89.305
0.09965	90.376
0.10285	92.226
0.10117	91.831
0.10135	92.089
0.10251	94.372
0.10014	93.943
0.10373	92.477
0.10183	93.328
0.10205	93.896
0.10282	92.567
0.10072	93.149
0.10422	94.782
0.10268	93.635
0.10272	93.197
0.10346	93.702
0.10121	92.143
0.10449	91.032
0.10305	92.644
0.10318	93.753
0.1041	93.344
0.10204	94.488
0.10523	95.987
0.10391	95.021
0.1041	94.024
0.10436	93.889
0.10239	92.059
0.10554	90.142
0.10399	90.765
0.1043	91.366
0.1046	90.712
0.10257	91.14
0.10572	92.253
0.10412	91.017
0.10446	90.199
0.10526	91.177
0.10296	91.176
0.10616	90.423
0.10449	91.991
0.10491	92.924
0.10594	92.94
0.10364	94.276
0.10673	97.517
0.10588	97.625
0.10615	96.943
0.10656	97.455
0.10474	95.995
0.10783	93.551
0.10647	93.143
0.10659	92.78
0.10707	91.247
0.10477	91.28
0.10772	92.78
0.10648	92.827
0.1068	92.483
0.10777	93.981
0.10544	93.674
0.10836	93.032
0.10712	93.936
0.10724	94.327
0.10788	92.659
0.10605	92.016
0.10864	92.558
0.10741	91.558
0.10753	91.435
0.1081	93.245
0.10645	93.151
0.10913	92.068
0.1078	93.143
0.10786	93.745
0.10881	93.161
0.1071	93.453
0.1097	95.29
0.10825	94.804
0.10857	94.644
0.10901	95.658
0.10753	94.624
0.1103	93.08
0.10879	93.948
0.10892	94.236
0.10923	93.408
0.10794	93.53
0.1108	95.836
0.10953	96.058
0.10953	96.676
0.11043	97.508
0.10882	97.001
0.11153	95.423
0.11023	94.628
0.11007	93.601
0.11085	92.538
0.10921	92.185
0.11174	93.798
0.11063	94.108
0.1106	94.664
0.11078	94.956
0.10971	94.816
0.11228	94.197
0.11126	95.789
0.11143	96.719
0.11148	96.896
0.11047	97.03
0.11308	98.903
0.11217	97.837
0.11226	96.023
0.11272	93.984
0.11105	92.341
0.11335	90.354
0.11204	90.703
0.11225	92.013
0.11264	93.439
0.1114	94.287
0.11389	96.642
0.11285	96.635
0.11304	96.735
0.11325	96.93
0.11224	97.446
0.11458	96.012
0.11335	95.846
0.1134	96.07
0.11427	96.537
0.11314	95.877
0.11509	97.174
0.11404	97.171
0.11414	97.134
0.11508	97.019
0.11391	96.807
0.11582	96.208
0.11455	97.034
0.11465	96.562
0.11485	95.315
0.11425	93.622
0.11625	94.831
0.11488	94.985
0.115	95.032
0.11536	94.749
0.11455	94.814
0.11665	94.302
0.11528	95.818
0.11538	97.153
0.11633	97.903
0.11548	97.425
0.11748	98.822
0.11637	98.342
0.11628	97.187
0.1164	95.738
0.11569	95.096
0.11776	93.985
0.11677	95.031
0.11657	95.675
0.11664	96.084
0.11633	95.568
0.11811	96.797
0.11726	96.312
0.11712	94.881
0.11736	93.507
0.11667	92.732
0.11829	91.201
0.11731	92.866
0.11743	94.037
0.11789	94.45
0.11712	93.906
0.11876	96.82
0.11785	97.572
0.11825	98.458
0.11852	99.157
0.11803	99.95
0.11981	98.862
0.11882	98.867
0.11908	99.28
0.11977	99.179
0.11905	97.697
0.12031	98.058
0.1194	97.416
0.11951	96.641
0.12027	96.247
0.11946	95.89
0.12056	94.516
0.11969	95.238
0.11956	95.436
0.12007	96.134
0.11992	95.927
0.12099	98.101
0.12023	98.534
0.12035	98.012
0.12078	97.647
0.1207	98.01
0.1218	96.262
0.12062	96.53
0.12068	97.343
0.12127	97.649
0.12113	96.957
0.12221	99.201
0.12142	99.793
0.12144	99.294
0.12214	99.541
0.12184	99.116
0.12306	97.134
0.12202	96.074
0.12169	95.469
0.12223	95.076
0.12209	94.32
0.12322	95.649
0.12233	95.485
0.12207	95.811
0.12263	96.132
0.12244	97.015
0.12333	96.207
0.12282	97.091
0.12263	98.165
0.12309	98.989
0.12336	98.495
0.12413	99.677
0.12359	99.601
0.1236	99.167
0.12397	99.256
0.12407	99.941
0.12474	98.864
0.12422	99.003
0.12428	98.902
0.12457	98.5
0.12454	97.667
0.12524	98.708
0.12473	98.817
0.12476	99.019
0.12535	99.616
0.12528	100.18
0.12583	99.113
0.12534	99.601
0.12532	99.367
0.12584	98.27
0.12582	96.623
0.12595	97.911
0.12574	99.036
0.12577	99.364
0.12638	99.205
0.1265	99.11
0.12658	97.47
0.12622	97.352
0.12598	97.303
0.1266	97.522
0.12703	96.862
0.12686	98.141
0.12646	98.541
0.12647	97.664
0.12699	97.037
0.12734	97.205
0.12732	95.576
0.12674	95.866
0.12653	96.074
0.12697	96.274
0.12766	96.183
0.12769	98.596
0.12732	99.272
0.12711	99.506
0.12785	100.46
0.1284	101.15
0.1284	99.462
0.12811	98.862
0.12778	98.807
0.12829	98.326
0.12886	97.632
0.12878	99.838
0.12891	101.46
0.12872	101.84
0.12932	102.16
0.13	102.08
0.12968	99.843
0.12964	99.112
0.12939	99.501
0.12975	100.38
0.13064	100.13
0.13023	101.95
0.13042	101.99
0.13024	100.81
0.13046	99.195
0.13107	98.918
0.13048	96.4
0.13035	94.831
0.1302	94.654
0.13056	95.094
0.13116	94.838
0.13063	97.134
0.13072	98.361
0.13065	98.713
0.13112	98.972
0.1318	100.14
0.13114	99.44
0.13136	99.693
0.13118	100.04
0.13185	100.2
0.13273	99.548
0.13172	101.43
0.13204	102.35
0.132	102.07
0.13263	102.02
0.13365	102.67
0.13259	101.38
0.13279	101.15
0.1326	100.83
0.13314	100.04
0.13422	98.506
0.13303	99.758
0.13316	100.06
0.13296	99.659
0.1335	100.1
0.13455	100.27
0.13348	98.751
0.13367	98.319
0.13318	98.211
0.13358	97.87
0.13471	96.463
0.13366	97.689
0.13405	98.707
0.13362	98.619
0.13408	98.066
0.13516	98.906
0.13385	97.646
0.13444	98.329
0.13394	99.626
0.1344	100.74
0.13582	100.35
0.13462	102.43
0.13551	103.1
0.13497	101.9
0.13524	100.9
0.13652	101.49
0.13498	100.52
0.13592	100.86
0.13553	101.66
0.13588	102.05
0.13729	100.75
0.13571	101.99
0.13656	102.05
0.13631	101.11
0.13651	100.63
0.13769	101.98
0.13606	101.2
0.13706	101.59
0.13684	102.71
0.13741	103.05
0.13872	100.9
0.13678	101.02
0.1377	100.66
0.13732	99.441
0.13765	98.153
0.13868	97.491
0.1366	95.936
0.13783	96.932
0.13734	98.053
0.13791	98.403
0.13923	96.468
0.13689	98.131
0.13815	99.619
0.13782	100.67
0.13843	101.71
0.14001	103.3
0.13789	102.45
0.13917	102.55
0.1387	102.17
0.13896	101.34
0.14071	99.663
0.13837	101.09
0.1395	101.83
0.13909	101.89
0.13956	102.19
0.14126	103.09
0.13915	101.76
0.14034	101.45
0.13968	101.82
0.14009	102.01
0.14175	100.93
0.13963	102.94
0.14113	104.2
0.14043	103.23
0.14082	101.34
0.14224	99.896
0.13971	96.495
0.1413	95.897
0.14045	96.983
0.14066	98.3
0.1424	97.425
0.13978	99.212
0.14171	101.2
0.14116	102.02
0.14153	102.22
0.14309	102.75
0.14018	100.91
0.14226	101
0.14164	101.79
0.1419	102.56
0.14371	101.16
0.14096	102.35
0.14294	103.06
0.14242	101.87
0.14265	100.73
0.14405	101.77
0.14122	101.06
0.14341	101.62
0.14288	103.16
0.14333	103.64
0.14506	102.32
0.14209	103.16
0.14418	103.04
0.14344	101.51
0.14379	100.2
0.14538	101.03
0.14227	99.798
0.14453	100.28
0.14375	101.83
0.14423	102.35
0.14612	100.62
0.14283	101.87
0.14501	102.87
0.14425	102.43
0.14453	101.86
0.1463	101.77
0.14316	99.381
0.14525	99.275
0.14445	100.42
0.14481	101.28
0.14677	100.31
0.14373	102.97
0.14587	104.66
0.14529	104.74
0.14576	103.63
0.14747	103.4
0.14434	100.45
0.14663	99.102
0.1454	99.187
0.1458	99.442
0.14749	98.679
0.14453	101.63
0.14723	104.26
0.14637	104.6
0.14674	104.76
0.14864	105.9
0.14542	104.1
0.1481	102.61
0.14689	101.34
0.14684	100.83
0.14888	99.615
0.14575	101.66
0.14848	103.56
0.14765	103.65
0.14769	103.62
0.14949	105.05
0.1463	103.42
0.14919	102.8
0.14819	103.58
0.14836	104.13
0.15001	101.86
0.14691	103.32
0.14971	104.61
0.14885	103.76
0.14911	102.16
0.15034	101.91
0.14701	99.781
0.1498	99.663
0.14888	100.9
0.1493	102.05
0.15095	100.79
0.14748	102.37
0.15034	104.28
0.14935	103.35
0.14983	103.11
0.15138	105.72
0.14813	105.57
0.1513	105.83
0.15032	106.52
0.15087	107.06
0.15296	104.67
0.14942	105.31
0.15213	105.88
0.15125	104.08
0.15134	101.68
0.15276	100.56
0.14946	97.421
0.15222	95.688
0.15098	95.732
0.15102	96.258
0.15273	95.371
0.14966	98.142
0.15249	100.83
0.15143	101.35
0.1517	102.42
0.15342	104.35
0.15027	102.66
0.15324	101.77
0.15183	102.07
0.15195	102.19
0.15372	100.77
0.15065	103.37
0.15381	105.71
0.15253	105.34
0.15273	104.37
0.15426	104.13
0.15106	101.07
0.15429	99.38
0.15283	100.25
0.15289	102.19
0.15454	102.07
0.1515	104.57
0.155	107.15
0.15409	107.26
0.15418	106.41
0.15559	107.57
0.15244	105.79
0.15571	105.11
0.15468	106.65
0.15497	107.58
0.15652	105.69
0.15336	106.44
0.15664	106.63
0.1555	104.4
0.15569	103.07
0.15665	104.45
0.15348	103.03
0.15698	102.08
0.15549	101.98
0.15586	102.02
0.15728	100.45
0.15399	102.37
0.15728	104.15
0.15606	103.42
0.15627	102.86
0.15768	104.79
0.1544	103.35
0.1575	101.93
0.15635	102.89
0.15647	103.86
0.15805	102.82
0.15496	104.83
0.15828	107.26
0.15712	106.9
0.15731	105.96
0.15854	106.1
0.15555	103.07
0.15882	100.99
0.15729	101.54
0.15745	102.36
0.1591	101.43
0.15586	102.99
0.15867	105.33
0.15791	105.27
0.15813	105.48
0.15968	107.03
0.1566	105.38
0.15944	103.86
0.15865	104.74
0.15861	105.14
0.15993	102.26
0.15702	101.71
0.15966	101.93
0.1586	100.82
0.15868	100.8
0.16012	103.52
0.15745	103.39
0.16027	103.56
0.15924	105.3
0.15948	106.24
0.16096	104.42
0.15832	105.3
0.16113	107.06
0.16011	106.27
0.16021	105.82
0.16134	106.94
0.15872	105.17
0.16181	103.79
0.16056	104.58
0.16045	105.08
0.16171	103.88
0.15918	104.86
0.1623	106.11
0.16123	104.49
0.16097	103.05
0.16222	104.19
0.15938	103.33
0.16261	103.06
0.16166	104.55
0.1615	105.6
0.16284	104.64
0.16034	105.82
0.16324	108.37
0.16256	108.48
0.16258	108.07
0.16331	108.93
0.161	107.66
0.1641	106.06
0.16311	106.45
0.16329	106.81
0.16396	104.6
0.16158	103.94
0.1645	104.97
0.16347	104.58
0.1636	104.33
0.16458	105.83
0.16196	104.64
0.16477	102.9
0.16368	103.2
0.16382	103.46
0.1648	102.04
0.16225	102.42
0.16494	103.99
0.16399	104.02
0.16416	104.79
0.165	106.49
0.16291	105.73
0.16575	104.51
0.16468	105.36
0.16468	106.3
0.16582	105.31
0.16374	105.65
0.16616	106.46
0.16503	105.67
0.16515	105.58
0.16633	107.05
0.16432	107.15
0.16717	107.09
0.16602	108.5
0.16615	108.6
0.16686	106.9
0.1651	107.12
0.1681	108.53
0.16685	107.92
0.16675	106.84
0.16744	106.44
0.16548	103.8
0.16827	101.16
0.16695	101.15
0.16662	101.86
0.16763	102.1
0.16574	103.44
0.16846	105.92
0.16764	106.52
0.16748	106.69
0.16795	107.05
0.16629	105.84
0.16906	104.36
0.16806	104.27
0.16774	104.3
0.16803	103.79
0.1666	104.83
0.1695	107.22
0.16866	107.09
0.16867	107.06
0.16922	107.91
0.16747	108.19
0.17006	107.32
0.16917	108.12
0.16952	108.54
0.17029	107.83
0.1684	107.2
0.17089	107.95
0.16982	106.7
0.16992	105.11
0.17014	104.23
0.16836	102.64
0.17091	100.62
0.16981	101.59
0.16978	102.71
0.17022	103.6
0.16888	104.61
0.17135	107.19
0.17045	107.43
0.17037	106.8
0.1713	106.43
0.16977	106.31
0.17205	105.56
0.17103	106.69
0.17105	107.66
0.17207	107.56
0.17073	107.62
0.17293	110.1
0.17198	110.42
0.17216	109.78
0.1724	109.2
0.17145	108.44
0.17384	106.41
0.17248	105.79
0.17231	105.38
0.17285	104.82
0.1716	104.17
0.17392	105.4
0.1728	105.59
0.17266	105.45
0.1735	105.35
0.17208	105.26
0.17425	103.63
0.17314	103.53
0.17283	103.72
0.1731	104.4
0.17228	105.21
0.17469	108.12
0.17392	108.99
0.17378	109.04
0.17396	109.26
0.17337	110.34
0.1757	109.85
0.17508	110.09
0.17495	109.78
0.17554	108.94
0.17455	107.74
0.17641	107.71
0.17538	106.13
0.17524	104.85
0.17535	104.58
0.17444	105.42
0.1765	105.19
0.17547	105.97
0.17558	106.6
0.17575	106.77
0.17514	106.37
0.17698	107.29
0.176	105.89
0.17595	103.58
0.1764	101.5
0.17528	101.44
0.17694	101.98
0.17609	104.51
0.17609	106.77
0.1771	107.61
0.17619	106.32
0.17759	107.66
0.17681	108.2
0.17673	108.03
0.17716	107.59
0.17664	107.96
0.17831	106.99
0.17733	107.55
0.17735	107.38
0.17762	106.9
0.17728	106.45
0.17873	108.67
0.17784	109.08
0.17791	108.8
0.1787	108.47
0.1781	108.62
0.17965	107.76
0.17857	108.34
0.17845	108.87
0.17894	109.26
0.17861	108.78
0.18023	110.33
0.17933	109.88
0.179	108.53
0.17948	107.47
0.17913	106.6
0.18056	104.91
0.1796	104.49
0.17915	104.05
0.17954	103.98
0.17923	103.5
0.18048	105.47
0.17991	105.95
0.17975	105.48
0.18014	104.82
0.1797	105.04
0.18083	104.75
0.18012	105.41
0.18	105.9
0.18021	106.26
0.18015	106.17
0.18131	108.14
0.18062	108.65
0.18077	108.28
0.18112	107.5
0.18064	107.93
0.18186	107.06
0.1811	107.68
0.18116	108.33
0.18183	108.77
0.18158	108.09
0.18248	109.31
0.18178	108.75
0.18177	108.33
0.18252	108.71
0.1823	109.1
0.183	108.07
0.18238	108.26
0.18214	108.76
0.18293	109.38
0.18312	109.36
0.18367	110.56
0.18321	110.9
0.18316	110.31
0.18392	109.81
0.184	109.88
0.18453	108.81
0.1837	107.96
0.18352	107.69
0.18402	107.59
0.18435	107.28
0.18499	109.46
0.18416	109.89
0.18409	109.26
0.18465	107.67
0.18489	106.93
0.18542	105.07
0.18463	105.25
0.18424	105.81
0.18478	106
0.18496	105.63
0.18547	107.88
0.18509	109.28
0.18491	110.09
0.18564	110.5
0.186	111.04
0.18657	110.51
0.18624	110.46
0.1859	110.6
0.18632	110.63
0.18688	109.79
0.18715	110.97
0.18693	111.13
0.18675	110.48
0.18713	109.96
0.18749	109.59
0.18757	107.89
0.1874	108.17
0.18738	109.48
0.18767	110.54
0.18824	110.4
0.18843	112.68
0.18829	112.99
0.18838	111.33
0.18891	110.15
0.18904	109.6
0.18896	108
0.18862	107.53
0.18848	106.75
0.18887	104.81
0.18915	101.87
0.18862	101.81
0.18842	101.86
0.18834	101.6
0.18893	101.68
0.1894	103.21
0.18892	104.04
0.18891	106.17
0.1888	108.23
0.18955	109.45
0.19041	109.54
0.18986	111.41
0.18995	112.23
0.18987	111.91
0.19042	111.39
0.19134	111.3
0.19075	109.29
0.19055	109.41
0.19049	110.25
0.19104	110.35
0.19201	108.25
0.19124	108.91
0.19115	109.23
0.19089	108.42
0.19133	107.23
0.19219	107.17
0.19156	105.46
0.19158	105.11
0.19096	105.62
0.19145	105.76
0.19236	104.91
0.1916	106.25
0.19179	106.59
0.19138	106.54
0.19179	107.04
0.19282	108.7
0.19205	109.06
0.19268	110.38
0.19239	111.58
0.19278	112.4
0.19411	111.83
0.19323	112.74
0.19364	112.82
0.19362	112.33
0.19395	112.18
0.19504	113.04
0.19406	111.9
0.19453	111.44
0.19435	111.12
0.1946	110.3
0.19557	108.29
0.19433	108.4
0.19475	108.52
0.19455	107.61
0.19496	106.63
0.19583	106.39
0.19434	104.53
0.19479	104.04
0.19437	104.42
0.19497	104.64
0.19603	103.31
0.1944	105.19
0.19508	106.96
0.19479	106.86
0.19512	105.98
0.19629	106.27
0.19455	104.74
0.19515	104.78
0.19476	106.01
0.19536	107.07
0.19698	107.27
0.19523	109.38
0.19583	110.32
0.19561	109.43
0.19596	108.06
0.19743	108.31
0.19554	107.07
0.19639	107.71
0.19599	109.87
0.19661	111.15
0.1982	109.89
0.19658	110.64
0.19734	111
0.19691	110.5
0.1974	110.26
0.19876	111.35
0.19705	110.42
0.19807	109.85
0.19746	109.49
0.19771	109.12
0.19924	108.07
0.19738	109.9
0.19867	111.35
0.19816	111.1
0.19835	110.65
0.19983	111.19
0.19759	109.27
0.19899	108.28
0.19852	108.46
0.19856	108.42
0.2001	106.83
0.19795	108.01
0.19941	109.16
0.19906	109.01
0.19929	109.55
0.20068	111.3
0.1985	110.78
0.20004	110.93
0.1997	111.77
0.19996	111.99
0.20144	110.03
0.19911	111.3
0.20069	113.01
0.2006	113.37
0.20113	112.98
0.20254	112.44
0.19978	108.53
0.20127	105.94
0.20058	105.35
0.201	106.36
0.20276	107.22
0.20004	109.61
0.20171	110.82
0.20126	110.59
0.20178	110.98
0.20356	113.04
0.20085	112.13
0.20251	111.47
0.20202	111.34
0.20231	110.74
0.20406	108.32
0.20123	108.54
0.20268	108.89
0.2021	107.81
0.20221	105.24
0.20397	104.98
0.20122	103.76
0.20286	104.19
0.20224	106.12
0.20263	107.99
0.20445	108.04
0.20189	110.41
0.20382	111.54
0.20308	110.76
0.20332	109.84
0.20497	110.98
0.20222	110.09
0.20441	110.08
0.20367	110.9
0.20387	111.06
0.20564	108.45
0.20269	109.31
0.20476	110.58
0.20422	111.15
0.20431	111.89
0.20619	113.97
0.20325	112.63
0.20559	111.55
0.20499	111.37
0.2051	111.45
0.20685	109.57
0.20388	110.58
0.20609	111.07
0.20551	110.05
0.2057	109.4
0.20722	110.93
0.20432	110.07
0.20654	109.84
0.20591	110.87
0.20616	111.14
0.20779	108.84
0.2047	109.44
0.20689	109.59
0.20622	108.81
0.20658	109.01
0.20823	110.87
0.205	110.33
0.20758	110.63
0.20686	111.83
0.20717	112.15
0.20907	110.32
0.20574	111.25
0.20821	112.02
0.20749	110.87
0.20778	110.63
0.2097	112.94
0.20658	112.51
0.20904	112.08
0.20822	112.38
0.20827	112.16
0.2102	109.33
0.20696	109.93
0.20927	111.35
0.2086	110.99
0.20884	110.94
0.21061	112.58
0.20761	111.37
0.2103	110.99
0.20928	111.62
0.20941	111.09
0.21109	108.42
0.20799	108.68
0.21062	109.01
0.2096	108.6
0.20975	109.26
0.21143	111.38
0.20825	110.68
0.21126	110.12
0.2102	109.95
0.21012	109.58
0.21185	107.43
0.20905	107.92
0.21085	109.07
0.21042	109.23
0.21055	109.66
0.21222	111.51
0.20954	111.11
0.2118	110.2
0.211	110.58
0.21107	110.72
0.21278	108.47
0.20991	108.48
0.21205	109.15
0.21139	108.67
0.21134	108.86
0.21311	111.02
0.21021	111.19
0.21275	111.04
0.21212	111.15
0.21183	110.82
0.21351	108.95
0.21074	110.76
0.2132	113.5
0.21301	113.84
0.21282	113.71
0.21435	115.14
0.21165	113.42
0.21411	111.94
0.21375	112.43
0.21375	113.07
0.21528	111.46
0.21239	112.14
0.21475	112.94
0.21437	111.53
0.21436	110.7
0.21557	112.09
0.21262	111.34
0.21527	111.39
0.21468	112.26
0.21483	112.78
0.21628	110.47
0.2132	110.72
0.21582	112.11
0.21534	112.08
0.21549	112.28
0.21696	113.48
0.21378	111.08
0.21622	108.96
0.21553	108.56
0.21542	108.43
0.21719	106.94
0.2141	108.88
0.21655	111.55
0.21616	111.8
0.21606	111.22
0.21761	112.66
0.21475	111.5
0.21725	109.51
0.21636	108.63
0.21614	108.01
0.21763	106.05
0.21493	106.93
0.2174	109.56
0.21666	110.56
0.21658	110.52
0.21805	112.53
0.21544	111.92
0.21821	111.48
0.21735	112.35
0.21725	112.75
0.21864	111.12
0.21608	112.23
0.21881	114.24
0.21815	113.49
0.21793	111.91
0.21933	112.65
0.21663	112.05
0.21966	111.66
0.21897	112.84
0.21863	113.05
0.21997	110.65
0.21723	111.13
0.22004	112.85
0.21945	112.3
0.21931	112.34
0.22054	114.4
0.21791	113.91
0.22065	112.67
0.22022	113.08
0.2201	112.71
0.22099	110.25
0.21847	110.71
0.22119	112.47
0.22063	112.18
0.22063	112.12
0.22158	114.03
0.21894	113.18
0.22186	111.63
0.22114	111.9
0.2211	111.85
0.22239	110.03
0.21957	110
0.22214	110.77
0.22143	110.48
0.22142	110.91
0.22257	112.93
0.21998	112.25
0.22266	111.51
0.22199	112.08
0.22185	111.95
0.22298	110.11
0.22071	110.4
0.22327	112.3
0.22262	112.46
0.22249	112.66
0.22362	113.92
0.22124	112.42
0.22381	110.42
0.2229	110.72
0.22275	111.48
0.22404	110.43
0.22181	111.21
0.22437	112.61
0.22337	112.56
0.22338	112.3
0.22414	113.66
0.22205	113.24
0.22506	112.09
0.22409	112.21
0.22382	110.99
0.22458	107.84
0.22241	106.55
0.22515	107.52
0.22433	107.98
0.22405	108.73
0.22516	111.27
0.22296	111.92
0.22574	111.33
0.22512	111.75
0.22472	111.45
0.22549	110.09
0.2236	111.18
0.22633	114.03
0.22582	114.62
0.22572	114.58
0.22617	115.52
0.22447	114.83
0.22729	113.44
0.22654	113.7
0.22648	113.41
0.22711	111.32
0.22504	110.34
0.22764	110.94
0.22693	110.67
0.22688	110.66
0.22775	112.18
0.22555	112.56
0.22806	111.44
0.22729	111.22
0.22723	111.12
0.22788	110.58
0.22602	110.97
0.22845	112.82
0.2278	112.86
0.22776	112.07
0.2283	111.86
0.22642	110.33
0.22869	108.22
0.2279	108.34
0.22771	109.26
0.22872	109.55
0.2271	110.12
0.22921	112.43
0.22855	113.09
0.22854	113.39
0.22923	114.2
0.22766	113.65
0.22996	112.02
0.22895	111.74
0.22884	111.23
0.22908	110.07
0.22793	109.23
0.23035	111.03
0.22944	111.71
0.22932	111.89
0.23012	113.21
0.22878	114.42
0.23148	115.26
0.23075	116.55
0.23062	116.61
0.23158	114.86
0.23002	113.13
0.23227	112.47
0.23146	111.06
0.23103	110.49
0.23135	110.67
0.23	110.55
0.23244	109.94
0.23175	110.59
0.23121	110.73
0.23133	110.3
0.23032	109.39
0.23258	110.4
0.23197	110.69
0.23176	110.44
0.23226	109.92
0.23083	109.06
0.23278	107.15
0.23201	107.42
0.23198	108.74
0.23262	110
0.2312	110.55
0.23332	113.29
0.23277	114.95
0.23294	115.55
0.23319	114.67
0.23214	113.98
0.23427	112.68
0.2334	111.95
0.23319	111.27
0.23392	110.98
0.23273	110.74
0.23455	112.95
0.23395	113.68
0.23389	114.45
0.235	115.13
0.23387	115.32
0.23559	113.89
0.23468	113.64
0.23449	113.67
0.23491	113.67
0.23437	113.52
0.23616	114.84
0.23536	115.01
0.23533	114.85
0.23562	113.75
0.23491	112.34
0.23665	109.63
0.23552	108.66
0.23522	108.27
0.23596	108.48
0.2352	108.51
0.23699	110.53
0.2361	111.27
0.23578	111.1
0.23631	111.25
0.23552	112.3
0.23754	112.37
0.23681	113.49
0.23646	114.87
0.23696	115.51
0.2366	114.7
0.23847	115.61
0.23777	115.79
0.23755	116.24
0.23823	115.91
0.23759	115.11
0.23905	113.01
0.23831	111.1
0.23793	109.63
0.23838	109.09
0.23785	108.74
0.23905	110.41
0.23851	111.14
0.23832	110.66
0.23853	109.8
0.23805	109.95
0.23943	109.32
0.23866	109.45
0.23856	109.91
0.23886	109.93
0.23827	109.55
0.2397	111.52
0.23903	112.49
0.23907	112.5
0.23983	112.76
0.2392	113.61
0.24033	112.2
0.23959	111.57
0.23938	111.25
0.24017	110.82
0.23966	109.46
0.24042	110.24
0.23988	110.8
0.23982	111.06
0.24038	111.07
0.24016	112.06
0.24101	112.05
0.24038	113.29
0.24043	115.27
0.24124	116.73
0.24152	116.61
0.24241	117.38
0.24169	116.5
0.24172	114.69
0.24221	112.43
0.24198	111.17
0.24279	110.05
0.24202	110.61
0.2418	111.54
0.24241	112.07
0.2425	111.39
0.24337	112.34
0.24263	112.36
0.24225	111.47
0.24291	110.47
0.24277	110.52
0.24356	110.24
0.24307	111.16
0.24258	112.27
0.24315	112.68
0.24337	112.37
0.24399	113.01
0.24356	113.16
0.24326	113.13
0.24377	113.11
0.24396	113.56
0.24438	112.79
0.24391	112.97
0.24374	113.25
0.24413	113.59
0.24458	113.68
0.24503	115.54
0.24481	116.65
0.24491	116.32
0.24538	115.68
0.24548	115.41
0.24587	113.81
0.24549	113.91
0.24548	114.6
0.24613	115.02
0.24626	114.14
0.24652	114.87
0.24618	114.95
0.24613	113.74
0.24672	112.12
0.24671	110.37
0.24653	107.35
0.24614	106.52
0.24585	106.95
0.24647	108.22
0.24702	109.15
0.24682	111.22
0.24659	112.28
0.24648	111.58
0.24709	110.42
0.24752	110.24
0.24718	109.32
0.24668	110.08
0.24662	111.43
0.24721	112.19
0.24803	112.02
0.24783	113.7
0.24754	113.97
0.24745	113.16
0.24788	112.26
0.24844	112.51
0.24832	111.81
0.24798	112.44
0.24774	114
0.24838	115.04
0.24936	115.08
0.24942	116.85
0.24951	117.83
0.24917	117.13
0.24969	115.66
0.25039	115.35
0.25007	113.96
0.25013	113.73
0.24965	113.96
0.25014	113.46
0.25089	111.63
0.25031	112.12
0.25042	112.04
0.25015	110.62
0.25026	109.66
0.25099	110.24
0.25039	109.5
0.25057	109.95
0.25035	110.99
0.2506	111.41
0.25143	110.34
0.25082	112.06
0.251	113.89
0.25105	114.48
0.25151	114.52
0.25218	114.96
0.25144	113.8
0.25165	113.78
0.25153	113.89
0.252	113.66
0.25292	112.42
0.25187	113.11
0.25221	113.53
0.25214	113.47
0.25266	112.37
0.25343	112.29
0.25209	111.52
0.25261	112.29
0.25249	114.07
0.25304	115.31
0.25439	114.72
0.25298	116.01
0.25344	116.59
0.25343	115.26
0.25377	113.82
0.25497	113.99
0.2535	112.69
0.25383	112.55
0.25373	113.47
0.25414	114.31
0.25557	113.51
0.25408	114.1
0.25453	113.91
0.25433	112.82
0.25463	111.55
0.25575	111.06
0.25412	108.26
0.25468	106.52
0.25403	106.92
0.25439	108.53
0.25584	109.02
0.25433	111.76
0.25528	114.28
0.25497	114.9
0.25539	114.89
0.2568	114.52
0.25497	111.73
0.25595	110.75
0.25548	111
0.25559	111.96
0.25711	111.49
0.25536	113.53
0.25657	115.13
0.25639	116.12
0.25668	117.12
0.25828	118.16
0.25639	117.3
0.25765	116.79
0.25761	116.81
0.25786	116.79
0.25916	114.19
0.25717	113.72
0.25814	113.3
0.25798	112.37
0.25821	111.99
0.25941	112.89
0.25729	111.22
0.25849	109.98
0.25825	109.63
0.25835	109.6
0.25967	108.83
0.25724	110.49
0.25859	111.99
0.25846	111.64
0.25881	111.36
0.26021	112.12
0.25762	111.2
0.25893	111.45
0.25866	112.47
0.259	112.84
0.26076	111.82
0.25814	113.28
0.25939	114.74
0.2594	114.67
0.25959	113.43
0.26122	114.05
0.25889	113.49
0.26027	113.46
0.25996	114.09
0.26013	114.38
0.26199	112.91
0.25945	113.64
0.26076	113.87
0.26032	112.56
0.26059	111.2
0.26218	111.68
0.25962	110.78
0.26118	111.11
0.26064	112.66
0.26095	114.86
0.26284	114.45
0.26046	116.31
0.26243	117.95
0.26205	117.86
0.26217	116.89
0.26393	116.23
0.26114	113.56
0.26304	111.3
0.26245	110.48
0.26227	110.13
0.26411	108.65
0.26121	110.2
0.26316	112
0.26292	112.6
0.26284	112.97
0.26449	114.28
0.26158	112.92
0.26351	111.71
0.26308	111.56
0.26299	111.67
0.2647	110.68
0.26251	112
0.26386	113.35
0.26368	112.93
0.26355	112.94
0.26524	114.5
0.26286	114.15
0.26463	114.18
0.26469	115.56
0.26448	115.92
0.26621	114.06
0.26378	114.23
0.26525	114.9
0.26535	114.31
0.2652	113.25
0.26667	112.74
0.26398	111.11
0.26557	111.42
0.26562	112.97
0.26569	114.16
0.26727	113.02
0.26462	113.9
0.26618	115.44
0.26632	115.53
0.26652	115.17
0.26806	116.07
0.26532	114.86
0.26702	114.05
0.26679	114.53
0.26682	115.36
0.26875	114.36
0.26603	115.11
0.26763	115.95
0.26755	114.62
0.26763	112.61
0.26927	112.39
0.26625	111.37
0.26786	110.63
0.26774	111.44
0.26751	111.76
0.26932	110.12
0.26658	110.8
0.26814	111.92
0.26805	111.88
0.2681	112.37
0.26999	114.11
0.26727	113.27
0.26899	112.51
0.2686	113.06
0.2685	113.65
0.27033	112.3
0.26771	113.31
0.26948	114.56
0.26922	113.87
0.26902	113.03
0.27074	114.14
0.26802	113.4
0.27018	112.63
0.26979	113.17
0.26954	113.37
0.27135	112.23
0.26854	114.05
0.27085	116.31
0.27092	116.49
0.27055	115.84
0.27218	116.53
0.26938	115.83
0.27175	115.07
0.2717	115.22
0.27133	115.26
0.27295	112.77
0.27008	112.68
0.2721	113.36
0.27198	111.95
0.27159	111.05
0.27302	112.37
0.27015	111.58
0.2724	111.07
0.27222	111.97
0.27192	111.94
0.27345	109.81
0.27041	110.51
0.27254	112.63
0.27253	112.66
0.27252	112.25
0.27404	113.87
0.27092	113.64
0.27335	114.41
0.27329	115.95
0.27326	116.5
0.27504	114.85
0.27203	115.05
0.2743	116.01
0.27421	115.29
0.27397	113.84
0.27566	113.89
0.27252	111.85
0.27458	110.07
0.27432	110.6
0.27405	111.85
0.27591	111.12
0.27318	112.73
0.27519	115.13
0.27494	114.35
0.2747	113.03
0.27609	114.06
0.27334	113.02
0.27563	112.45
0.27522	113.39
0.27506	113.68
0.27666	110.87
0.27394	110
0.27626	110.5
0.27575	109.33
0.2753	109.03
0.27683	111.73
0.27407	112.2
0.27663	112.05
0.27623	113.21
0.27578	113.65
0.27743	111.58
0.27473	112.25
0.27725	115.1
0.27706	115.52
0.2766	115.61
0.27807	117.58
0.27563	116.47
0.27821	114.29
0.27789	114.18
0.27738	114.61
0.27871	112.77
0.27621	113.04
0.2786	114.61
0.27837	113.81
0.27796	112.68
0.27915	113.78
0.2765	113.12
0.27894	111.78
0.27866	112.37
0.27844	112.45
0.27944	110.01
0.27669	110.39
0.2793	112.43
0.27903	112.61
0.27882	111.71
0.28002	112.39
0.2772	110.71
0.27967	108.59
0.27909	108.77
0.27881	109.98
0.28036	110
0.27775	111.9
0.28006	115
0.27999	115.61
0.27987	115
0.28103	115.62
0.2786	114.35
0.28089	113.27
0.28059	114.21
0.28026	114.75
0.28131	113.15
0.27927	113.37
0.2817	114.89
0.28118	114.3
0.2809	113.23
0.28202	114.09
0.27973	113.02
0.28222	110.95
0.28139	110.94
0.28097	111.81
0.28223	111.28
0.28012	111.83
0.28264	113.98
0.28221	114.21
0.28186	114.03
0.28275	115.28
0.28073	115.57
0.28355	115.14
0.28316	115.63
0.28259	115.53
0.28337	113.38
0.28147	113.61
0.28429	115.92
0.28403	116.19
0.28352	115.61
0.28451	115.86
0.28234	114.45
0.28464	112.68
0.28434	113.08
0.28406	113.69
0.28472	113.14
0.28294	114.17
0.28536	116.27
0.28501	115.85
0.28476	114.65
0.28518	114.6
0.28335	113.12
0.28585	111
0.28534	110.84
0.28512	111.95
0.28608	111.72
0.28398	112.65
0.28638	114.95
0.28594	114.58
0.28572	113.35
0.28683	113.52
0.28465	112.85
0.28681	112.14
0.28627	112.85
0.28591	113.53
0.28676	112.9
0.28512	112.76
0.28717	112.79
0.2868	111.15
0.28647	109.67
0.28696	109.62
0.28534	108.68
0.28745	107.47
0.28676	108.25
0.28639	109.56
0.28742	110.14
0.28597	110.41
0.28803	111.83
0.28728	112.24
0.28707	112.75
0.28773	114.12
0.2864	114.69
0.28886	114.54
0.28821	115.09
0.28784	115.06
0.28835	113.14
0.28708	111.52
0.28944	111.81
0.28872	111.34
0.28811	111.11
0.28889	111.57
0.28746	111.54
0.2898	111.05
0.28921	112.57
0.28872	114.04
0.28977	114.3
0.2885	114.09
0.29049	114.73
0.29001	114.07
0.28949	112.97
0.28962	112.42
0.28854	111.73
0.29063	110.26
0.2901	109.82
0.28978	110.12
0.28974	109.83
0.28871	109.82
0.29104	111.95
0.29061	113.16
0.29058	114.19
0.29132	115.63
0.29001	115.81
0.29208	113.9
0.29136	112.71
0.29105	111.84
0.29166	111.32
0.29039	111.69
0.29232	113.83
0.29185	115
0.29175	115.34
0.29222	115.54
0.29125	114.89
0.2932	113.34
0.29271	113.3
0.29224	113.33
0.29271	113.14
0.29188	112.49
0.29363	114.09
0.29312	114.74
0.29282	113.82
0.29376	112.7
0.29295	112.15
0.29435	110.56
0.29341	110.12
0.29306	110.22
0.2934	110.73
0.29277	110.49
0.29447	111.93
0.29373	112.37
0.29353	112.77
0.29382	112.94
0.29326	112.73
0.29512	111.07
0.2942	110.51
0.2936	110.77
0.29442	111.24
0.29368	111.67
0.29543	113.29
0.29491	113.93
0.29457	114.37
0.29527	114.28
0.29456	113.87
0.29605	112.16
0.29543	111.7
0.29485	112.06
0.29506	112.03
0.29468	110.99
0.29637	112.06
0.2959	112.65
0.29559	112.96
0.29623	114.07
0.29575	115.61
0.29724	115.35
0.29684	115.4
0.29665	114.86
0.29733	114.26
0.29665	113.53
0.29808	114.63
0.29768	115.29
0.29764	115.37
0.2981	115.11
0.29738	114.74
0.29877	113.28
0.29813	113.02
0.29794	113.13
0.29838	112.52
0.29797	111.93
0.29918	113.49
0.2986	114.71
0.29851	115.31
0.29959	115.65
0.29909	115.41
0.29995	113.02
0.29924	111.49
0.29885	110.63
0.29963	109.79
0.29929	108.8
0.30004	110.33
0.29935	111.28
0.29925	111.31
0.2998	111.04
0.29961	109.91
0.3005	107.37
0.29945	106.8
0.29917	107.43
0.29972	108.04
0.29981	108.83
0.30082	111.49
0.30011	112.82
0.30002	113.22
0.30081	113.89
0.3008	115.01
0.30182	114.41
0.30127	114.44
0.30075	114.6
0.30147	114.21
0.30165	113.46
0.30262	115.02
0.30225	115.35
0.30175	114.13
0.30222	112.61
0.30216	111.83
0.30272	110.29
0.30237	109.97
0.30187	110.16
0.30216	110.07
0.30246	110.07
0.30311	111.77
0.30279	112.65
0.30271	112.69
0.30304	112.43
0.3031	112.56
0.3036	112.07
0.30328	113.01
0.30328	114.08
0.30365	114.54
0.30376	113.21
0.30431	113.38
0.304	114.17
0.30408	114.72
0.30483	115.16
0.30481	115.22
0.30501	113.12
0.3046	112.27
0.30445	112.76
0.30526	113.46
0.30547	113.11
0.3055	114.25
0.30525	114.63
0.3052	114.17
0.30595	113.74
0.30634	114.03
0.30639	113.75
0.3061	113.96
0.30578	113.88
0.30631	112.85
0.30695	110.79
0.30667	110.12
0.30613	109.66
0.306	109.43
0.30654	109.93
0.30716	111.3
0.30719	111.11
0.30668	111.44
0.30649	111.75
0.30699	111.6
0.30765	110.66
0.3077	111.54
0.3073	112.55
0.30702	113.19
0.30762	113.7
0.30825	113.97
0.30817	112.27
0.30801	111.66
0.30756	111.6
0.30793	111.72
0.30875	111.59
0.30862	113.42
0.30875	114.86
0.30853	115.29
0.30909	115.16
0.30987	115.29
0.30937	113.61
0.30944	113.13
0.30924	113.19
0.30943	112.56
0.31019	110.93
0.30977	111.34
0.30968	111.64
0.30969	111.55
0.31003	111.63
0.31066	112.05
0.31	110.33
0.30998	109.33
0.30985	108.96
0.31019	108.35
0.31093	107.29
0.31027	108.49
0.31027	109.97
0.31026	110.89
0.31094	112.03
0.31166	113.49
0.31092	113.33
0.31108	113.39
0.31093	113.86
0.31154	113.87
0.31259	111.8
0.31149	111.76
0.31154	112.03
0.31139	111.25
0.31189	110.46
0.31297	111.33
0.31186	111.33
0.31202	112.44
0.31202	113.79
0.31254	113.66
0.31386	111.72
0.31275	112.31
0.31272	113.18
0.31266	112.93
0.31311	112.39
0.31428	112.72
0.31327	111.69
0.31335	111.65
0.31308	112.57
0.31356	112.87
0.31474	111.25
0.31366	111.18
0.31385	111.43
0.31359	110.86
0.31397	110.27
0.31519	111.09
0.31402	110.45
0.31448	110.13
0.31406	110.24
0.31423	110.1
0.31543	108.76
0.31413	109.53
0.31463	110.46
0.31438	109.16
0.31443	108.05
0.31569	108.58
0.31419	108.2
0.31481	108.82
0.31473	110.22
0.31494	111.2
0.31639	110.73
0.31497	112.36
0.31564	114.04
0.31582	114.16
0.31612	113.63
0.31723	113.72
0.31563	111.82
0.31607	109.7
0.31594	108.77
0.31613	108.55
0.31734	107.81
0.3158	109.65
0.31651	111.97
0.31657	112.86
0.31704	112.99
0.31829	114.14
0.31651	114.02
0.31735	114.26
0.31752	114.03
0.3176	113.39
0.31877	111.37
0.31767	110.7
0.31775	110.56
0.31788	109.32
0.31813	108.66
0.31901	109.72
0.31777	109.91
0.31809	111.24
0.31836	113.12
0.31883	113.77
0.3202	112.31
0.31871	111.33
0.31893	110.83
0.31888	110.29
0.31915	110.24
0.32043	111.8
0.31892	111.96
0.31938	111.92
0.31937	112.56
0.31971	112.79
0.32142	111.76
0.31982	112.56
0.3201	114.33
0.32038	114.83
0.32076	114.45
0.3223	114.42
0.32078	112.77
0.32089	110.83
0.32078	109.67
0.32078	109.12
0.3224	107.74
0.32088	108.82
0.32104	110.52
0.321	110.67
0.32122	110.41
0.32273	111.44
0.3213	111.29
0.32181	111
0.32165	111.29
0.32174	111.06
0.32332	109.44
0.3217	109.79
0.32231	111.07
0.3222	111.07
0.32227	110.34
0.32374	110.51
0.32181	109.53
0.32261	109.61
0.32273	110.99
0.32257	111.85
0.32436	111.16
0.32261	112.14
0.32343	113.63
0.32371	113.93
0.32365	113.26
0.32509	113.09
0.32297	111.64
0.32376	110.2
0.32404	109.87
0.3239	109.46
0.32536	107.3
0.32326	107.17
0.32392	108.48
0.32414	109.19
0.32432	110.56
0.32589	113.59
0.3239	113.65
0.32486	112.12
0.3249	110.67
0.3249	108.29
0.32632	104.43
0.32387	104.09
0.32468	105.37
0.32483	105.96
0.32485	106.06
0.32653	107.71
0.32426	108.53
0.32529	109.79
0.32563	112.04
0.32582	113.38
0.32787	111.96
0.32547	111.65
0.32625	112.14
0.3264	111.46
0.32634	110.39
0.32811	110.78
0.3258	109.74
0.32663	108.88
0.3267	109.71
0.32661	110.45
0.32844	109.75
0.3264	111.13
0.3274	113.55
0.32758	114.34
0.32776	114.44
0.32971	115.7
0.32755	114.91
0.32871	113.71
0.32874	113.82
0.32861	113.88
0.33032	111.97
0.32804	112.11
0.32947	113.66
0.32959	113.36
0.32934	112.01
0.33099	111.7
0.32836	109.4
0.32976	107.63
0.32978	107.73
0.32926	108.55
0.33103	108.03
0.32868	109.6
0.33008	111.52
0.33043	111.2
0.33005	110.14
0.33139	110.61
0.32886	110.17
0.33031	109.62
0.33061	110.21
0.33044	111.41
0.33208	111.11
0.32978	112.18
0.33142	113.56
0.3317	112.73
0.33152	111.99
0.33299	112.76
0.33033	111.5
0.33196	109.65
0.33201	109.32
0.33183	110.28
0.33365	109.91
0.33086	110.84
0.33227	112.57
0.33258	112.52
0.33241	111.39
0.33396	111.59
0.33116	110.14
0.33271	108.75
0.33286	108.9
0.33253	109
0.33426	107.42
0.33167	108.37
0.33316	111.01
0.3334	111.58
0.33311	111.92
0.33496	113.95
0.33259	113.55
0.33417	111.71
0.3341	110.6
0.3336	109.35
0.33519	106.56
0.33274	106.14
0.3342	107.68
0.33408	107.74
0.33389	107.83
0.33546	109.34
0.33298	109.15
0.33491	108.51
0.33472	109.22
0.33425	110.22
0.33601	109.39
0.33355	110.18
0.33546	111.65
0.33553	111.4
0.33495	110.98
0.33665	112.93
0.33423	113.06
0.33628	112.34
0.33652	112.66
0.33578	112.12
0.33718	109.2
0.33471	108.34
0.33644	109.75
0.33676	109.76
0.33635	109.51
0.33745	111.12
0.335	110.43
0.33702	108.53
0.33712	108.38
0.3367	108.69
0.33808	107.05
0.33554	107.95
0.33749	111.07
0.33782	112.59
0.3377	113.42
0.33923	115.6
0.3367	114.75
0.3387	112.25
0.33864	111.26
0.33839	110.87
0.3398	108.99
0.33714	109.52
0.33915	111.76
0.33929	111.56
0.33892	110.54
0.34029	111.05
0.33773	109.64
0.3396	107.73
0.3396	108.3
0.33906	109.43
0.34067	108.76
0.33839	109.94
0.3401	112.18
0.34015	111.65
0.3397	109.8
0.3408	109.86
0.33861	108.72
0.34065	106.82
0.3403	107.14
0.33983	107.82
0.34098	106.77
0.33888	107.98
0.34115	111.15
0.34103	112.47
0.34054	112.45
0.34193	112.83
0.33975	111.04
0.34185	108.65
0.34156	108.47
0.34089	108.9
0.34226	107.23
0.34001	107.19
0.342	109.6
0.34202	110.71
0.34148	111.85
0.34267	114.56
0.34084	114.71
0.34345	113.38
0.34362	113.39
0.34306	113.91
0.34407	112.19
0.34212	110.98
0.34419	110.98
0.34409	109.12
0.34353	107.26
0.34436	107.74
0.34213	107.41
0.34417	106.7
0.34412	107.28
0.34372	107.61
0.34444	106.19
0.34229	106.07
0.34451	107.75
0.34439	108.19
0.34405	108.23
0.34478	109.6
0.34266	109.27
0.34505	108.12
0.34482	108.39
0.34428	109
0.34562	108.33
0.34361	109.19
0.34548	111.39
0.34547	111.75
0.34509	111.05
0.34617	111.62
0.3443	110.69
0.34615	108.6
0.34594	108.05
0.3454	107.77
0.3461	106.34
0.34449	106.62
0.34655	109.4
0.34637	110.76
0.34608	111.06
0.3471	112.29
0.34546	111.89
0.34753	109.75
0.34702	109.41
0.34654	109.13
0.34759	107.49
0.34574	107.09
0.34771	109.07
0.34735	109.86
0.34685	110.07
0.34756	111.7
0.34615	112.68
0.34869	111.46
0.34837	110.35
0.34748	108.99
0.34798	106.79
0.34652	106.29
0.34881	108.85
0.34876	110.27
0.34817	110.28
0.34917	110.99
0.34745	111.13
0.34951	110.47
0.34942	110.64
0.34885	110.73
0.34926	109.64
0.34789	108.78
0.34995	110.09
0.34979	109.58
0.34941	107.32
0.34948	105.81
0.34794	104.63
0.34999	103.18
0.34957	103.61
0.34922	105.4
0.35011	106.88
0.34862	107.92
0.3507	110.1
0.35053	110.98
0.35018	110.37
0.35123	110.21
0.34959	109.96
0.35128	108.5
0.3509	108.22
0.35036	109.02
0.35102	109.56
0.3499	109.94
0.35174	111.43
0.35169	111.76
0.35139	111.13
0.35228	110.93
0.35101	110.85
0.35274	109.54
0.35231	109.45
0.35185	110.47
0.35302	111.47
0.35216	111.65
0.35371	112.62
0.35316	112.58
0.35291	112.1
0.3534	111.61
0.35246	111.06
0.3545	108.79
0.35372	107.31
0.35307	107.05
0.35336	106.93
0.35258	106.7
0.35469	108.07
0.3542	108.42
0.35349	107.4
0.35436	106.48
0.35317	106.05
0.35485	105.56
0.35443	106.78
0.3538	108.67
0.35487	109.65
0.35397	109.76
0.35562	111.06
0.35546	111.45
0.355	110.67
0.35516	109.67
0.35437	108.98
0.35614	107.91
0.35588	108.42
0.35532	109.2
0.35554	108.98
0.35486	107.52
0.35646	107.88
0.35605	108.37
0.35574	108.56
0.3565	108.9
0.35553	109.31
0.35713	109.19
0.35677	109.49
0.35648	110.03
0.35694	109.97
0.35611	108.5
0.35754	108.04
0.3571	107.3
0.35665	105.98
0.35704	105.32
0.35624	105.7
0.35766	105.21
0.35719	105.69
0.35667	106.62
0.35762	107.21
0.35703	107.12
0.3582	108.46
0.35787	109.86
0.35759	110.12
0.35849	109.81
0.35792	109.85
0.35904	109.07
0.35844	108.98
0.35809	108.91
0.35855	108.07
0.35826	106.52
0.35952	106.88
0.3588	107.7
0.35841	107.46
0.35904	106.69
0.35866	106.7
0.35999	106.03
0.35925	105.95
0.35871	106.1
0.35961	106.3
0.35925	106.6
0.36043	109.17
0.36008	111.23
0.35969	111.32
0.36044	110.92
0.3601	111.05
0.36126	110.3
0.361	110.46
0.3606	111.31
0.36119	111.96
0.36122	111.33
0.36241	111.65
0.36207	111.6
0.3617	110.8
0.36229	109.87
0.362	109.85
0.36283	108.94
0.36234	108.37
0.36205	108.55
0.36257	108.71
0.36237	108
0.36333	108.93
0.36293	109.52
0.36273	108.68
0.36324	107.78
0.36287	108.21
0.36367	107.57
0.3632	107.72
0.36298	108.41
0.3638	108.66
0.3637	108.19
0.36442	109.52
0.36398	110.42
0.36367	110.04
0.36463	109.53
0.36449	109.97
0.36502	109.49
0.3646	109.22
0.36424	109.31
0.36502	109.17
0.36525	108.21
0.36566	108.39
0.36505	108.39
0.36478	107.71
0.36547	107.71
0.36564	108.9
0.36614	109.16
0.36557	109.82
0.3654	110.29
0.36606	109.62
0.36642	107.53
0.36686	107.24
0.36614	107.49
0.36578	106.86
0.36635	105.98
0.36649	105.77
0.36695	104.7
0.3663	104.7
0.36581	105.18
0.36653	105.81
0.36696	105.77
0.36744	107.24
0.36701	108.43
0.36651	108.71
0.36722	109.31
0.36768	110.17
0.36796	108.93
0.3677	108.15
0.3673	108.41
0.36776	108.61
0.36832	108.09
0.36854	109.11
0.36834	110.08
0.36814	109.43
0.36852	108.19
0.36895	108.01
0.36898	107.29
0.36876	107.46
0.36865	107.95
0.3691	107.92
0.36951	106.39
0.36948	105.82
0.36904	105.8
0.36902	105.26
0.36958	104.97
0.36985	105.88
0.36978	106.38
0.36953	107.67
0.36955	108.97
0.3703	109.74
0.37089	109.78
0.37074	110.93
0.37071	112.21
0.37067	112.15
0.37161	111.62
0.37233	111.1
0.37182	108.96
0.37144	107.14
0.37115	106.56
0.37174	106.59
0.37274	106.4
0.37232	108.3
0.37179	109.59
0.37178	109.08
0.37234	107.9
0.37317	107.29
0.37259	105.5
0.37221	103.72
0.37189	103.03
0.37253	103.26
0.37305	103.37
0.37288	104.74
0.37253	105.63
0.37219	105.12
0.37269	104.44
0.37327	104.52
0.37296	104.29
0.37258	104.69
0.37239	105.89
0.37304	106.73
0.37411	106.55
0.37388	107.59
0.37341	108.81
0.37334	108.37
0.37371	106.8
0.37449	105.84
0.3743	104.22
0.37373	103.87
0.3735	105.51
0.374	107.08
0.37501	107.07
0.37496	108.24
0.37464	109.59
0.37449	109.67
0.37509	108.99
0.37591	108.93
0.37562	108.14
0.37537	107.13
0.37502	107.25
0.37539	107.56
0.3762	106.59
0.37588	106.99
0.3758	108.31
0.37564	108.62
0.37592	108.7
0.37699	109.6
0.37672	109.06
0.37658	107.99
0.37642	107.88
0.37651	107.63
0.37741	105.91
0.37683	105.81
0.37668	106.68
0.37695	106.49
0.3772	106.66
0.37796	108.16
0.37763	109.11
0.37757	109.67
0.37768	109.83
0.37799	109.11
0.37885	107.14
0.3782	106.71
0.37807	107.29
0.37814	106.73
0.37855	105.91
0.3793	105.77
0.37828	104.25
0.37812	102.96
0.37808	102.67
0.37839	102.13
0.37959	100.71
0.37855	101.14
0.37822	102.74
0.37832	103.61
0.37864	103.98
0.37987	104.81
0.37892	104.79
0.37868	105.02
0.37887	106.27
0.3793	107.64
0.38082	107.57
0.37999	108.27
0.37986	109.75
0.38007	110.33
0.38054	111.02
0.38212	111.86
0.3813	110.05
0.38108	107.76
0.38098	106.68
0.38111	105.86
0.38237	104.33
0.38129	104.44
0.38123	105.65
0.38117	105.99
0.38126	105.87
0.38251	106.36
0.38144	105.41
0.38161	104.17
0.38148	103.77
0.38141	103.68
0.38292	103.13
0.38174	104.53
0.38203	107.08
0.38231	108.57
0.38234	108.79
0.38387	108.6
0.38244	105.8
0.38246	102.77
0.38261	101.97
0.38232	102.12
0.38377	101.67
0.38243	103.17
0.38269	105.88
0.38321	106.61
0.38316	105.93
0.38438	106.23
0.38308	106.12
0.38344	106.25
0.38375	106.8
0.3838	106.84
0.38508	105.28
0.38347	105.01
0.38377	105.64
0.38409	105.23
0.38423	104.61
0.38552	105.15
0.38365	104.69
0.38401	104.87
0.38445	106.83
0.38467	108.31
0.38653	107.7
0.38483	108.14
0.38508	109.41
0.38558	108.75
0.38568	107.6
0.38742	107.84
0.38559	107.21
0.38567	106.22
0.386	106.07
0.38596	106.17
0.3878	105.07
0.38631	106.2
0.3865	108.38
0.38676	108.32
0.38672	107.13
0.38835	106.86
0.38654	104.54
0.38681	101.97
0.38686	101.46
0.38661	102.23
0.38831	102.19
0.38666	103.65
0.38717	105.94
0.38743	106.66
0.38741	106.94
0.38918	108.37
0.38729	107.84
0.38806	106.72
0.38832	106.73